6984.32000
6984.07000
6984.32000
6984.07000
6983.82000
6983.57000
6983.82000
6983.57000
6983.82000
6984.07000
6984.32000
6984.07000
6983.82000
6984.07000
6983.82000
6983.32000
6982.82000
6982.57000
6982.32000
6982.82000
6982.57000
6982.82000
6983.07000
6983.32000
6983.57000
6983.32000
6983.07000
6983.32000
6983.07000
6983.32000
6983.82000
6984.07000
6984.32000
6984.07000
6984.32000
6984.57000
6984.32000
6984.57000
6984.32000
6984.57000
6984.32000
6984.07000
6984.32000
6984.57000
6984.32000
6984.57000
6984.07000
6984.57000
6984.32000
6984.57000
6984.32000
6984.57000
6984.32000
6984.57000
6984.82000
6985.32000
6985.57000
6985.32000
6985.57000
6985.82000
6986.07000
6985.82000
6985.57000
6985.32000
6984.82000
6984.57000
6984.82000
6985.07000
6984.82000
6985.07000
6984.82000
6984.57000
6984.82000
6984.32000
6984.07000
6984.32000
6983.57000
6983.82000
6983.57000
6983.82000
6983.57000
6983.82000
6984.07000
6983.82000
6983.57000
6983.32000
6983.57000
6983.32000
6983.07000
6982.82000
6982.57000
6982.32000
6981.82000
6981.32000
6980.94000
6980.82000
6981.57000
6982.07000
6981.82000
6982.07000
6981.57000
6982.32000
6982.57000
6982.32000
6981.57000
6981.82000
6981.32000
6980.57000
6981.07000
6981.57000
6981.82000
6981.32000
6981.57000
6981.32000
6981.57000
6980.82000
6980.32000
6980.69000
6980.32000
6980.07000
6980.32000
6980.07000
6979.32000
6979.57000
6979.07000
6978.82000
6978.32000
6978.57000
6978.82000
6977.57000
6977.32000
6977.57000
6976.57000
6976.82000
6975.82000
6975.32000
6975.82000
6977.57000
6979.32000
6978.82000
6979.94000
6981.19000
6981.57000
6982.82000
6981.32000
6981.82000
6982.57000
6982.82000
6982.57000
6982.07000
6982.32000
6982.57000
6981.32000
6981.07000
6980.69000
6980.07000
6979.82000
6980.07000
6980.32000
6980.57000
6980.82000
6980.32000
6980.57000
6980.19000
6980.32000
6979.82000
6980.07000
6980.57000
6980.32000
6980.07000
6979.57000
6979.32000
6980.07000
6979.82000
6979.69000
6979.82000
6979.94000
6979.82000
6980.07000
6980.32000
6980.07000
6980.32000
6979.57000
6980.07000
6979.82000
6979.57000
6979.32000
6979.57000
6979.32000
6979.57000
6979.69000
6979.57000
6979.32000
6979.57000
6979.82000
6979.57000
6979.44000
6971.82000
6972.57000
6972.07000
6969.51000
6970.82000
6971.13000
6971.32000
6970.63000
6970.57000
6969.44000
6969.82000
6968.07000
6968.57000
6967.32000
6965.57000
6965.07000
6966.32000
6965.82000
6967.26000
6967.19000
6967.01000
6967.32000
6966.76000
6966.57000
6967.69000
6967.63000
6968.07000
6966.82000
6967.07000
6964.07000
6965.26000
6965.57000
6966.57000
6965.57000
6965.07000
6964.76000
6964.32000
6964.51000
6964.88000
6964.94000
6963.57000
6964.32000
6964.57000
6965.07000
6965.19000
6965.57000
6966.19000
6964.07000
6963.82000
6964.69000
6965.19000
6964.42000
6968.23000
6967.11000
6967.55000
6968.11000
6968.73000
6967.98000
6968.36000
6969.11000
6969.86000
6968.86000
6969.42000
6969.86000
6968.98000
6968.61000
6968.86000
6968.11000
6967.86000
6968.11000
6968.36000
6967.98000
6968.11000
6968.17000
6968.36000
6964.22000
6964.10000
6964.22000
6964.35000
6964.60000
6964.29000
6964.35000
6964.22000
6963.91000
6964.10000
6964.35000
6964.60000
6964.47000
6964.85000
6965.22000
6965.10000
6965.35000
6965.60000
6965.72000
6965.85000
6965.66000
6965.60000
6965.47000
6965.72000
6965.60000
6965.41000
6965.35000
6965.72000
6965.85000
6965.91000
6965.97000
6965.85000
6965.60000
6966.10000
6965.85000
6966.35000
6966.22000
6966.10000
6966.60000
6966.72000
6966.60000
6966.47000
6966.60000
6966.72000
6966.85000
6967.10000
6966.85000
6966.91000
6966.85000
6966.97000
6967.10000
6966.85000
6967.10000
6967.35000
6966.97000
6966.85000
6967.04000
6967.10000
6967.22000
6967.10000
6967.22000
6967.10000
6966.85000
6967.10000
6967.35000
6967.47000
6967.54000
6968.10000
6968.35000
6968.29000
6968.10000
6968.22000
6968.10000
6968.22000
6968.10000
6967.85000
6967.97000
6967.85000
6967.97000
6967.85000
6967.72000
6967.85000
6967.60000
6967.72000
6967.35000
6966.85000
6966.60000
6966.72000
6966.60000
6966.72000
6966.60000
6966.47000
6966.10000
6966.22000
6966.35000
6966.10000
6965.97000
6966.10000
6965.60000
6965.47000
6965.85000
6966.85000
6966.72000
6966.60000
6966.66000
6966.60000
6966.72000
6966.85000
6966.60000
6966.85000
6966.97000
6967.10000
6966.85000
6966.72000
6966.60000
6966.35000
6966.60000
6966.35000
6966.54000
6966.85000
6966.91000
6966.97000
6967.10000
6967.35000
6967.60000
6967.72000
6967.60000
6967.47000
6967.60000
6967.72000
6967.60000
6967.85000
6967.60000
6967.47000
6967.35000
6967.60000
6968.10000
6967.97000
6968.10000
6969.35000
6968.72000
6968.60000
6968.35000
6968.60000
6968.66000
6968.85000
6968.10000
6967.97000
6967.79000
6968.22000
6968.54000
6968.85000
6969.29000
6969.35000
6969.47000
6969.60000
6970.10000
6970.60000
6970.47000
6970.35000
6970.10000
6969.85000
6970.85000
6970.72000
6970.79000
6970.72000
6971.04000
6970.85000
6970.10000
6970.22000
6971.35000
6971.85000
6971.35000
6971.41000
6971.85000
6971.72000
6971.97000
6972.10000
6971.85000
6971.60000
6971.47000
6971.41000
6971.35000
6971.47000
6971.72000
6971.85000
6971.97000
6971.85000
6972.10000
6972.35000
6971.60000
6971.72000
6971.35000
6971.47000
6971.72000
6972.35000
6971.97000
6972.10000
6971.60000
6971.47000
6971.10000
6970.85000
6971.35000
6971.22000
6971.60000
6971.85000
6971.79000
6971.60000
6971.66000
6971.72000
6971.47000
6971.35000
6972.35000
6972.47000
6972.85000
6972.60000
6972.54000
6972.60000
6972.85000
6973.22000
6973.35000
6973.60000
6973.47000
6973.60000
6973.35000
6973.22000
6972.97000
6972.85000
6973.10000
6972.97000
6973.22000
6972.72000
6972.91000
6972.97000
6973.10000
6972.97000
6972.60000
6972.85000
6972.97000
6972.72000
6972.85000
6972.97000
6972.85000
6972.60000
6973.22000
6973.04000
6972.85000
6973.72000
6973.35000
6973.47000
6973.35000
6973.10000
6973.35000
6972.85000
6972.60000
6972.47000
6972.60000
6972.72000
6972.47000
6972.72000
6972.35000
6973.04000
6973.22000
6973.47000
6974.60000
6973.85000
6974.35000
6974.22000
6974.35000
6974.47000
6974.35000
6973.85000
6973.97000
6974.35000
6974.72000
6974.60000
6974.22000
6973.97000
6974.10000
6973.79000
6973.72000
6973.60000
6973.85000
6974.22000
6973.97000
6973.85000
6973.47000
6973.72000
6974.22000
6973.91000
6974.10000
6973.85000
6973.66000
6973.35000
6973.47000
6973.60000
6973.97000
6974.35000
6973.97000
6974.04000
6973.97000
6974.10000
6973.97000
6973.85000
6973.60000
6973.79000
6974.35000
6974.22000
6974.35000
6974.60000
6974.85000
6974.79000
6974.85000
6974.97000
6974.35000
6974.22000
6974.85000
6975.22000
6975.29000
6975.10000
6975.35000
6975.22000
6974.85000
6974.91000
6974.35000
6973.97000
6973.72000
6973.85000
6973.72000
6973.97000
6974.10000
6974.47000
6974.85000
6975.22000
6975.10000
6975.22000
6974.97000
6974.72000
6974.97000
6975.10000
6975.35000
6975.22000
6975.47000
6975.85000
6975.97000
6975.72000
6975.85000
6975.60000
6975.35000
6975.10000
6974.97000
6975.10000
6975.35000
6975.10000
6975.35000
6975.60000
6975.72000
6975.60000
6975.72000
6976.10000
6975.60000
6975.85000
6975.91000
6976.10000
6976.22000
6976.41000
6976.35000
6975.85000
6975.72000
6975.85000
6976.10000
6975.85000
6976.10000
6976.35000
6976.10000
6976.47000
6976.85000
6977.10000
6977.35000
6976.85000
6976.60000
6976.97000
6976.85000
6976.35000
6976.10000
6975.85000
6975.60000
6975.85000
6975.60000
6976.10000
6975.85000
6975.97000
6975.60000
6975.35000
6975.10000
6974.91000
6975.10000
6975.22000
6975.10000
6975.60000
6975.35000
6975.60000
6975.85000
6976.10000
6975.97000
6976.35000
6976.10000
6975.60000
6975.85000
6975.60000
6975.47000
6975.60000
6975.47000
6975.35000
6975.60000
6975.35000
6975.10000
6975.41000
6975.47000
6975.60000
6975.35000
6975.41000
6975.47000
6975.60000
6975.85000
6975.72000
6975.35000
6975.10000
6975.35000
6975.60000
6975.47000
6975.60000
6975.97000
6976.10000
6976.35000
6976.29000
6976.22000
6976.35000
6976.60000
6976.97000
6977.10000
6978.10000
6977.85000
6977.60000
6977.35000
6977.60000
6977.35000
6976.72000
6977.10000
6977.22000
6977.10000
6977.22000
6977.35000
6977.22000
6977.60000
6977.35000
6977.60000
6977.85000
6978.10000
6978.60000
6978.72000
6978.54000
6978.60000
6977.85000
6978.10000
6977.97000
6977.47000
6977.60000
6977.85000
6977.97000
6978.10000
6977.72000
6977.35000
6977.10000
6977.22000
6977.35000
6977.22000
6977.10000
6976.85000
6976.72000
6976.47000
6976.85000
6977.10000
6977.35000
6977.60000
6977.85000
6978.35000
6978.85000
6978.97000
6979.10000
6978.97000
6978.85000
6978.97000
6979.35000
6979.72000
6979.85000
6980.10000
6979.91000
6979.72000
6979.60000
6979.41000
6979.35000
6978.97000
6979.22000
6979.10000
6978.85000
6978.91000
6978.60000
6978.85000
6978.60000
6978.35000
6978.60000
6979.10000
6979.47000
6979.35000
6979.60000
6979.47000
6979.60000
6979.35000
6979.10000
6979.47000
6979.60000
6979.47000
6979.35000
6979.47000
6979.35000
6979.22000
6979.10000
6978.85000
6978.60000
6978.47000
6978.35000
6978.10000
6977.72000
6977.60000
6977.47000
6977.22000
6976.60000
6976.35000
6976.47000
6976.10000
6976.35000
6976.41000
6976.22000
6976.60000
6976.72000
6976.85000
6976.72000
6976.60000
6977.10000
6976.85000
6977.10000
6976.85000
6977.10000
6977.35000
6977.10000
6977.35000
6977.60000
6977.85000
6977.60000
6977.35000
6977.47000
6977.35000
6977.60000
6978.10000
6978.35000
6978.47000
6978.10000
6977.97000
6977.10000
6977.35000
6977.60000
6977.85000
6977.60000
6977.85000
6977.97000
6978.10000
6978.35000
6978.60000
6978.85000
6978.60000
6978.72000
6978.85000
6978.97000
6979.10000
6979.35000
6979.22000
6979.35000
6979.47000
6979.60000
6979.72000
6979.47000
6979.35000
6979.29000
6979.22000
6979.72000
6979.47000
6979.35000
6979.47000
6979.35000
6979.60000
6979.72000
6979.85000
6979.60000
6979.47000
6979.35000
6979.60000
6979.85000
6980.10000
6979.91000
6980.35000
6980.85000
6981.10000
6981.35000
6981.22000
6981.10000
6981.35000
6981.22000
6981.10000
6980.97000
6981.10000
6981.60000
6981.72000
6981.47000
6981.10000
6980.85000
6981.35000
6981.10000
6981.35000
6981.60000
6981.85000
6982.10000
6981.85000
6981.47000
6981.60000
6981.85000
6981.66000
6981.85000
6981.72000
6981.66000
6981.97000
6982.10000
6981.85000
6982.04000
6981.97000
6982.47000
6982.72000
6982.85000
6982.97000
6983.10000
6982.85000
6982.97000
6983.04000
6983.10000
6982.97000
6982.85000
6982.72000
6982.60000
6982.10000
6982.16000
6982.10000
6981.60000
6980.72000
6981.10000
6980.85000
6981.35000
6981.60000
6981.72000
6981.85000
6981.60000
6981.85000
6981.72000
6981.60000
6982.10000
6982.35000
6982.47000
6982.22000
6982.35000
6982.10000
6982.22000
6982.35000
6982.22000
6982.47000
6982.35000
6982.47000
6982.35000
6982.47000
6982.60000
6982.72000
6982.60000
6981.60000
6981.85000
6982.10000
6981.85000
6982.10000
6981.85000
6981.60000
6981.35000
6981.10000
6981.35000
6981.10000
6981.22000
6981.35000
6981.60000
6981.35000
6981.47000
6981.60000
6981.10000
6981.35000
6981.60000
6981.85000
6981.47000
6981.35000
6981.60000
6981.72000
6981.66000
6981.60000
6981.85000
6982.10000
6981.60000
6981.47000
6981.35000
6981.10000
6981.35000
6981.10000
6980.85000
6980.97000
6981.04000
6980.85000
6981.10000
6981.35000
6980.97000
6981.35000
6981.22000
6981.10000
6980.85000
6981.10000
6980.85000
6980.60000
6980.35000
6980.47000
6980.60000
6980.72000
6980.85000
6980.72000
6980.85000
6981.10000
6980.85000
6981.35000
6981.10000
6981.41000
6981.22000
6981.10000
6980.60000
6980.79000
6980.72000
6980.60000
6980.85000
6981.10000
6980.97000
6981.10000
6981.35000
6981.22000
6981.60000
6981.47000
6981.35000
6981.60000
6982.10000
6982.35000
6982.47000
6982.10000
6982.22000
6982.29000
6981.97000
6982.10000
6982.22000
6982.47000
6982.60000
6982.35000
6982.47000
6982.35000
6982.60000
6982.72000
6982.85000
6982.60000
6982.85000
6982.60000
6982.35000
6982.60000
6982.35000
6982.60000
6982.85000
6982.60000
6982.85000
6982.97000
6983.10000
6982.85000
6982.97000
6982.60000
6982.85000
6982.60000
6982.79000
6982.97000
6983.10000
6982.97000
6983.10000
6983.35000
6983.60000
6983.35000
6983.91000
6983.97000
6984.22000
6984.29000
6984.35000
6984.60000
6984.85000
6984.91000
6984.85000
6984.97000
6985.10000
6984.97000
6985.10000
6985.04000
6984.97000
6984.85000
6984.60000
6984.85000
6984.97000
6984.72000
6984.85000
6984.60000
6984.85000
6984.66000
6984.85000
6984.72000
6984.60000
6984.47000
6984.60000
6984.10000
6983.85000
6984.35000
6984.10000
6984.22000
6984.10000
6984.35000
6984.60000
6984.35000
6984.10000
6984.35000
6984.60000
6984.85000
6985.10000
6985.04000
6984.97000
6985.10000
6984.97000
6985.10000
6985.35000
6985.60000
6984.85000
6984.72000
6984.85000
6985.10000
6984.85000
6984.60000
6984.85000
6984.79000
6984.60000
6984.10000
6983.97000
6984.10000
6983.85000
6983.60000
6983.35000
6983.10000
6983.35000
6983.10000
6983.29000
6983.35000
6983.60000
6983.10000
6983.60000
6983.85000
6983.72000
6983.35000
6983.10000
6983.10000
6983.04000
6982.85000
6983.10000
6982.85000
6982.60000
6982.72000
6982.60000
6982.85000
6983.10000
6983.35000
6983.60000
6983.85000
6983.35000
6983.60000
6983.72000
6983.60000
6983.35000
6983.10000
6983.35000
6983.60000
6983.35000
6983.60000
6983.35000
6983.60000
6983.35000
6983.60000
6983.97000
6983.91000
6984.10000
6983.85000
6984.10000
6984.16000
6984.47000
6984.35000
6984.16000
6984.22000
6984.10000
6984.35000
6984.60000
6984.10000
6984.22000
6984.10000
6984.22000
6984.35000
6984.60000
6984.54000
6984.47000
6984.85000
6984.97000
6985.10000
6984.85000
6984.97000
6984.85000
6985.35000
6985.85000
6985.47000
6985.60000
6985.54000
6985.35000
6985.10000
6984.85000
6984.60000
6984.35000
6984.85000
6984.60000
6984.85000
6984.97000
6985.10000
6984.97000
6985.10000
6985.85000
6986.10000
6986.35000
6986.10000
6986.60000
6986.47000
6986.35000
6986.10000
6986.35000
6986.22000
6986.29000
6986.22000
6986.35000
6986.22000
6986.35000
6986.10000
6986.35000
6986.22000
6986.10000
6986.35000
6986.60000
6986.85000
6986.91000
6987.10000
6986.97000
6987.04000
6986.60000
6987.22000
6987.60000
6987.85000
6987.35000
6987.10000
6986.85000
6986.60000
6986.35000
6986.60000
6986.35000
6986.60000
6986.47000
6986.35000
6986.60000
6986.35000
6985.85000
6985.97000
6986.10000
6986.60000
6986.85000
6987.10000
6986.97000
6986.85000
6986.60000
6987.10000
6986.85000
6987.10000
6987.35000
6987.22000
6987.47000
6987.10000
6987.22000
6987.60000
6987.72000
6988.10000
6987.85000
6988.10000
6988.35000
6988.10000
6987.85000
6987.91000
6987.85000
6987.60000
6987.85000
6988.10000
6987.85000
6988.10000
6988.35000
6988.60000
6988.35000
6988.60000
6988.35000
6988.04000
6988.35000
6988.60000
6988.85000
6989.10000
6988.85000
6989.10000
6989.35000
6989.60000
6988.35000
6988.22000
6988.41000
6988.10000
6988.35000
6988.10000
6987.85000
6988.10000
6987.85000
6988.10000
6988.22000
6988.10000
6988.16000
6988.10000
6988.35000
6988.22000
6988.60000
6988.85000
6989.10000
6989.35000
6989.10000
6989.35000
6989.60000
6989.35000
6989.10000
6989.35000
6989.10000
6989.35000
6989.60000
6989.85000
6989.35000
6989.85000
6990.10000
6989.97000
6989.85000
6990.10000
6990.35000
6990.60000
6990.35000
6990.10000
6990.22000
6990.10000
6990.35000
6990.60000
6990.85000
6990.60000
6991.10000
6991.35000
6991.60000
6991.10000
6990.85000
6991.04000
6990.97000
6991.10000
6990.85000
6990.60000
6990.72000
6990.85000
6990.79000
6990.85000
6990.60000
6990.85000
6991.10000
6990.85000
6990.72000
6990.85000
6990.72000
6990.85000
6990.60000
6990.35000
6990.60000
6990.85000
6991.10000
6991.35000
6991.10000
6991.35000
6991.47000
6991.60000
6991.35000
6991.10000
6990.85000
6990.60000
6990.35000
6990.10000
6989.85000
6989.60000
6989.91000
6990.10000
6990.22000
6990.35000
6990.60000
6990.85000
6990.72000
6990.79000
6990.60000
6990.35000
6990.10000
6989.85000
6990.10000
6990.04000
6989.85000
6990.10000
6989.85000
6990.10000
6990.35000
6990.10000
6990.16000
6989.97000
6990.10000
6989.85000
6989.60000
6989.85000
6989.35000
6989.60000
6989.54000
6989.22000
6989.35000
6989.85000
6989.60000
6989.85000
6989.72000
6990.10000
6990.35000
6990.10000
6990.35000
6990.60000
6990.85000
6990.60000
6990.66000
6990.85000
6990.60000
6990.35000
6990.72000
6990.35000
6990.60000
6990.35000
6990.10000
6990.22000
6990.60000
6990.35000
6990.72000
6990.60000
6990.47000
6990.60000
6990.85000
6991.10000
6990.85000
6991.10000
6991.35000
6991.60000
6991.35000
6991.54000
6991.60000
6991.85000
6991.60000
6991.72000
6991.85000
6992.10000
6992.35000
6992.60000
6992.85000
6993.10000
6993.35000
6992.85000
6992.97000
6993.10000
6992.60000
6992.35000
6992.47000
6992.35000
6992.47000
6992.60000
6992.35000
